466603.63625 5590395.03075 355.86825
466602.50275 5590395.00450 356.53600
466602.64525 5590395.04325 356.47775
466602.76400 5590395.07875 356.38200
466602.90525 5590395.11775 356.31325
466603.02700 5590395.15350 356.22425
466603.17950 5590395.19400 356.17975
466603.31675 5590395.23200 356.11700
466603.45200 5590395.27000 356.04300
466603.57450 5590395.30550 355.96000
466603.70600 5590395.34300 355.88150
466602.89725 5590395.01450 356.29250
466603.03475 5590395.05325 356.21700
466603.17175 5590395.09150 356.14350
466603.32825 5590395.13300 356.10325
466603.46725 5590395.17100 356.04225
466603.58825 5590395.20625 355.95350
466603.72050 5590395.24325 355.88525
466603.30875 5590395.03775 356.08900
466603.44900 5590395.07625 356.02875
466603.57200 5590395.11125 355.95225
466603.70425 5590395.14875 355.87450
466601.80775 5590395.21475 356.94550
466601.95950 5590395.25550 356.89625
466602.63650 5590395.44725 356.52225
466602.76375 5590395.48325 356.44675
466602.88950 5590395.51925 356.37175
466603.02075 5590395.55700 356.29200
466603.15875 5590395.59500 356.23075
466603.28300 5590395.63150 356.14325
466603.41675 5590395.66950 356.06425
466603.54750 5590395.70700 355.98475
466603.67750 5590395.74375 355.91400
466601.63075 5590395.02725 357.02975
466601.91225 5590395.10575 356.89875
466602.04750 5590395.14350 356.83200
466602.17725 5590395.18075 356.74875
466602.31525 5590395.21900 356.68575
466602.47550 5590395.26150 356.63850
466602.59100 5590395.29625 356.54000
466602.72550 5590395.33425 356.46350
466602.85175 5590395.37025 356.38750
466602.98225 5590395.40725 356.31275
466603.12350 5590395.44625 356.24475
466603.25000 5590395.48250 356.16900
466603.37550 5590395.51900 356.08250
466603.49575 5590395.55450 355.99225
466603.64275 5590395.59450 355.93350
466603.75200 5590395.62750 355.83775
466602.16700 5590395.02625 356.72725
466602.31125 5590395.06575 356.66125
466602.44575 5590395.10350 356.59100
466602.58325 5590395.14200 356.51675
466602.72175 5590395.18100 356.44475
466602.85725 5590395.21900 356.36925
466602.97900 5590395.25400 356.29025
466603.11475 5590395.29175 356.22450
466603.26025 5590395.33150 356.16275
466603.39775 5590395.36925 356.10075
466603.51350 5590395.40400 356.00025
466603.64675 5590395.44175 355.92325
466603.75900 5590395.47575 355.82175
466599.54825 5590395.03675 358.04700
466599.72825 5590395.08450 358.01250
466599.88525 5590395.12750 357.95225
466600.02450 5590395.16725 357.87450
466600.18200 5590395.20950 357.82625
466600.41775 5590395.28050 357.63950
466602.76700 5590395.94475 356.43800
466602.90700 5590395.98425 356.36850
466603.03900 5590396.02150 356.29900
466603.17550 5590396.05975 356.23550
466603.27500 5590396.09225 356.11850
466603.42775 5590396.13300 356.07475
466603.56750 5590396.17275 356.00600
466603.68200 5590396.20750 355.91000
466599.92225 5590395.00425 357.88950
466600.07475 5590395.04600 357.82675
466600.23575 5590395.08950 357.77275
466600.39750 5590395.13250 357.73000
466600.55500 5590395.17450 357.68550
466601.54400 5590395.45100 357.20750
466601.64250 5590395.48400 357.08875
466601.77425 5590395.52125 357.01625
466602.10300 5590395.60875 356.92800
466602.32975 5590395.67750 356.73750
466602.58650 5590395.75150 356.58075
466602.70175 5590395.78600 356.48875
466602.82675 5590395.82275 356.40100
466602.96825 5590395.86225 356.33400
466603.10850 5590395.90175 356.26425
466603.22350 5590395.93600 356.17800
466603.34425 5590395.97125 356.09525
466603.47850 5590396.00950 356.02100
466603.62375 5590396.04900 355.96950
466603.73050 5590396.08275 355.85875
466601.32550 5590395.22625 357.34675
466601.56500 5590395.29725 357.16600
466602.36850 5590395.52600 356.71450
466602.49300 5590395.56200 356.63575
466602.61550 5590395.59750 356.55450
466602.73450 5590395.63325 356.45825
466602.86250 5590395.66975 356.38300
466603.00675 5590395.70975 356.31875
466603.13550 5590395.74675 356.23625
466603.25950 5590395.78325 356.14800
466603.39300 5590395.82075 356.08050
466603.51425 5590395.85600 355.99900
466603.65800 5590395.89575 355.93500
466598.72900 5590395.11300 359.20250
466598.74775 5590395.13200 359.00475
466598.83050 5590395.16125 358.87850
466599.06850 5590395.24850 358.47450
466599.11600 5590395.27250 358.30150
466599.22200 5590395.30650 358.18775
466599.43800 5590395.36025 358.18925
466599.90925 5590395.48825 358.03425
466600.21700 5590395.57250 357.92050
466600.36400 5590395.61375 357.85325
466600.55125 5590395.66175 357.82950
466601.46975 5590395.92825 357.27900
466601.72500 5590396.00250 357.12600
466602.35350 5590396.18775 356.70075
466602.47025 5590396.22275 356.61275
466602.87675 5590396.33800 356.40850
466603.02000 5590396.37775 356.34500
466603.15750 5590396.41700 356.27325
466603.27200 5590396.45225 356.17475
466603.40200 5590396.48950 356.10175
466603.50425 5590396.52225 355.99750
466603.65725 5590396.56375 355.94600
466603.75100 5590396.59475 355.83125
466598.79275 5590395.03725 358.96850
466598.85525 5590395.06400 358.80950
466598.94350 5590395.09400 358.68725
466599.03425 5590395.12475 358.56750
466599.11700 5590395.15475 358.43050
466599.12625 5590395.17125 358.22600
466599.26625 5590395.21125 358.14775
466599.65825 5590395.31125 358.11175
466599.95425 5590395.39250 357.99550
466600.08975 5590395.43175 357.91525
466600.25500 5590395.47550 357.87425
466600.40725 5590395.51750 357.81250
466601.38600 5590395.79400 357.32475
466601.50225 5590395.82950 357.22650
466601.74250 5590395.90100 357.04775
466602.39750 5590396.09000 356.65725
466602.48450 5590396.12075 356.52550
466602.65550 5590396.16500 356.50050
466602.91800 5590396.24000 356.35225
466603.32700 5590396.35575 356.14425
466603.46175 5590396.39425 356.06725
466603.56800 5590396.42725 355.96825
466603.68950 5590396.46300 355.88700
466599.54850 5590395.15150 358.07950
466599.75500 5590395.20400 358.07125
466599.87675 5590395.24075 357.97500
466600.02775 5590395.28175 357.91875
466600.34900 5590395.36750 357.82350
466600.50000 5590395.40900 357.76975
466601.04500 5590395.56450 357.46600
466601.73250 5590395.75950 357.11100
466601.84850 5590395.79500 357.01250
466602.37500 5590395.94550 356.71525
466602.47800 5590395.97875 356.60475
466602.62050 5590396.01825 356.53750
466602.74550 5590396.05525 356.45100
466603.10550 5590396.16225 356.18850
466603.26150 5590396.20350 356.14825
466603.39775 5590396.24225 356.07575
466603.52925 5590396.28025 355.99925
466603.65500 5590396.31700 355.91475
466598.57450 5590395.50075 359.80400
466598.64475 5590395.52900 359.65825
466598.67775 5590395.55000 359.48300
466598.72350 5590395.57350 359.32000
466598.77350 5590395.59900 359.15500
466598.77375 5590395.61425 358.94575
466598.77725 5590395.63125 358.72975
466598.82550 5590395.65575 358.55875
466598.90675 5590395.68600 358.42025
466599.20825 5590395.76975 358.30550
466599.38025 5590395.81550 358.26250
466599.53650 5590395.85900 358.20950
466599.69675 5590395.90300 358.15475
466599.91475 5590395.95650 358.16075
466602.34600 5590396.67625 356.61400
466602.76900 5590396.79650 356.40875
466602.92525 5590396.83850 356.36800
466598.67950 5590395.23475 361.77100
466598.59025 5590395.24775 361.27875
466598.62475 5590395.26900 361.10325
466598.42375 5590395.24775 360.70000
466598.42475 5590395.26250 360.49825
466598.44000 5590395.28050 360.30925
466598.28925 5590395.26900 359.94800
466598.42650 5590395.30825 359.87575
466598.55000 5590395.34550 359.78500
466598.61650 5590395.37250 359.63500
466598.66400 5590395.39650 359.46700
466598.69850 5590395.41800 359.29275
466598.73150 5590395.43900 359.11450
466598.74125 5590395.45650 358.90475
466598.79075 5590395.48025 358.74425
466598.89600 5590395.51450 358.63025
466598.90850 5590395.53250 358.42175
466599.01525 5590395.56725 358.30875
466602.18750 5590396.45850 356.86775
466602.65200 5590396.60000 356.50025
466602.79400 5590396.64050 356.43125
466603.06825 5590396.71775 356.29625
466598.60075 5590395.12100 361.39700
466598.61000 5590395.13750 361.19825
466598.48025 5590395.14350 360.65450
466598.40600 5590395.14450 360.37975
466598.42000 5590395.16200 360.18925
466598.33400 5590395.16175 359.89075
466598.48450 5590395.20325 359.83000
466598.57300 5590395.23425 359.70225
466598.62850 5590395.25925 359.54025
466598.67825 5590395.28350 359.37275
466598.73625 5590395.30875 359.22425
466598.71500 5590395.32000 358.99325
466598.77925 5590395.34650 358.83850
466598.87500 5590395.37850 358.72475
466601.70900 5590396.19475 357.12725
466602.11175 5590396.31075 356.89650
466602.22100 5590396.34475 356.79975
466602.58100 5590396.45200 356.54050
466602.93475 5590396.56025 356.25075
466603.26675 5590396.64650 356.19675
466603.38775 5590396.68250 356.10725
466603.50400 5590396.71750 356.02050
466598.62425 5590395.01800 361.49125
466598.59800 5590395.02700 361.26700
466598.53150 5590395.02975 360.99400
466598.44725 5590395.02925 360.70300
466598.42100 5590395.03950 360.46575
466598.52250 5590395.11650 359.73400
466598.62925 5590395.15050 359.62375
466598.72925 5590395.21400 359.08150
466598.76375 5590395.23475 358.90625
466598.87500 5590395.27000 358.79925
466599.97575 5590395.60125 357.97525
466601.51850 5590396.03775 357.21200
466602.15950 5590396.22575 356.79650
466602.28450 5590396.26200 356.72075
466602.43150 5590396.30225 356.66750
466602.54550 5590396.33750 356.56850
466602.80750 5590396.41325 356.41600
466603.07075 5590396.48950 356.25775
466603.59550 5590396.63975 355.97025
466603.70400 5590396.67425 355.86400
466600.16550 5590396.45700 358.08875
466600.31200 5590396.49850 358.02225
466600.54600 5590396.57100 357.83200
466600.68425 5590396.61125 357.75700
466600.96350 5590396.69125 357.61925
466603.48650 5590397.44400 355.98075
466603.61450 5590397.48100 355.91175
466603.67750 5590397.50825 355.76050
466598.71100 5590395.80550 361.25450
466598.55500 5590395.82575 360.49075
466598.67800 5590395.88025 360.18825
466598.76700 5590395.97650 359.22425
466599.57275 5590396.24775 358.31600
466599.69750 5590396.28650 358.22400
466599.85125 5590396.32900 358.16575
466600.00950 5590396.37200 358.11900
466600.13925 5590396.41025 358.04350
466600.30200 5590396.45475 357.99425
466600.44225 5590396.49475 357.92750
466600.55650 5590396.53100 357.82550
466600.70625 5590396.57300 357.76350
466600.82350 5590396.60975 357.66500
466600.98075 5590396.65225 357.62075
466601.10425 5590396.68950 357.53925
466601.35500 5590396.76550 357.37225
466602.50525 5590397.10800 356.64225
466602.74750 5590397.18175 356.46925
466602.88500 5590397.22050 356.40650
466603.02175 5590397.26025 356.33450
466603.59500 5590397.43925 355.86525
466598.67150 5590395.69850 361.49225
466598.63875 5590395.70875 361.25200
466598.49900 5590395.71525 360.71550
466598.55800 5590395.75700 360.36050
466598.63325 5590395.78675 360.22175
466598.75225 5590395.92175 358.85350
466598.70825 5590395.93100 358.58850
466598.94325 5590396.00425 358.39625
466599.32675 5590396.10250 358.35550
466599.49450 5590396.14725 358.31625
466599.66625 5590396.19350 358.27375
466599.78950 5590396.23150 358.18025
466599.94975 5590396.27525 358.12650
466600.09475 5590396.31600 358.06575
466600.25300 5590396.35875 358.01975
466600.40600 5590396.40125 357.96225
466600.52475 5590396.43725 357.87550
466600.67375 5590396.47900 357.81225
466600.79175 5590396.51575 357.71575
466600.91900 5590396.55425 357.62675
466601.03175 5590396.58950 357.53350
466601.49775 5590396.71675 357.38975
466601.68425 5590396.78175 357.14350
466601.78250 5590396.81525 357.02650
466602.78000 5590397.11375 356.36400
466603.46025 5590397.30925 356.01825
466603.58300 5590397.34625 355.93075
466603.66175 5590397.37600 355.79850
466598.72825 5590395.53800 361.93250
466598.66100 5590395.57300 361.25200
466598.42500 5590395.56175 360.62375
466598.47950 5590395.58725 360.46275
466598.45650 5590395.59875 360.23675
466598.47175 5590395.61825 360.03775
466598.54750 5590395.64750 359.89800
466598.63825 5590395.67925 359.77475
466598.69600 5590395.70475 359.62550
466598.73575 5590395.72725 359.45775
466598.74725 5590395.76200 359.04075
466598.79275 5590395.78650 358.86625
466598.77975 5590395.80075 358.63425
466598.83325 5590395.82675 358.46700
466598.96500 5590395.86525 358.39250
466599.12975 5590395.90925 358.34825
466599.31100 5590395.95700 358.31500
466599.49375 5590396.00475 358.29050
466599.65575 5590396.04900 358.23750
466599.91650 5590396.12675 358.06575
466600.10600 5590396.17500 358.05200
466600.23500 5590396.21275 357.97550
466600.66675 5590396.33525 357.77450
466600.79475 5590396.37325 357.69125
466601.02750 5590396.44525 357.50350
466601.90325 5590396.70800 356.91300
466602.29175 5590396.82175 356.68300
466602.42750 5590396.86100 356.60775
466602.57475 5590396.90250 356.54750
466602.85150 5590396.98100 356.41700
466603.34025 5590397.12800 356.07725
466603.47425 5590397.16675 356.00150
466598.81175 5590395.38975 362.09575
466598.57150 5590395.39225 361.25650
466598.37850 5590395.38825 360.66000
466598.42225 5590395.41100 360.50150
466598.45450 5590395.43225 360.32125
466598.34275 5590395.42825 360.00775
466598.45500 5590395.46375 359.90325
466602.81225 5590397.92025 356.41825
466598.61150 5590396.74525 358.53950
466599.77150 5590397.05925 358.21650
466599.92125 5590397.10150 358.15150
466600.03225 5590397.13775 358.04575
466600.21175 5590397.18475 358.01700
466601.46425 5590397.56150 357.17550
466602.10725 5590397.75225 356.77325
466602.25425 5590397.79275 356.72375
466602.35950 5590397.82750 356.61425
466602.50425 5590397.86750 356.55950
466602.66025 5590397.91075 356.51050
466602.79425 5590397.95000 356.43175
466602.94325 5590397.99125 356.37475
466599.78200 5590397.05025 358.21275
466599.94850 5590397.09500 358.16850
466600.07675 5590397.13350 358.08225
466600.19450 5590397.16975 357.99375
466602.26425 5590397.78450 356.72150
466602.38775 5590397.82200 356.64175
466602.51650 5590397.86025 356.56275
466602.66425 5590397.90150 356.50325
466602.79350 5590397.94000 356.42250
466602.92850 5590397.97850 356.35850
466603.02575 5590398.01150 356.24600
466598.65075 5590396.56525 359.98350
466598.77875 5590396.72325 358.39250
466599.83575 5590397.00250 358.18900
466599.99850 5590397.04675 358.13875
466600.13275 5590397.08575 358.06775
466600.27525 5590397.12600 358.00325
466600.38375 5590397.16175 357.89575
466600.55850 5590397.20700 357.86900
466601.08600 5590397.36350 357.55200
466602.02575 5590397.65450 356.82050
466602.57050 5590397.81300 356.53225
466602.72100 5590397.85475 356.47575
466602.82600 5590397.88875 356.37550
466602.98575 5590397.93150 356.33850
466598.62225 5590396.50925 359.14600
466600.09275 5590396.95875 358.06500
466601.66875 5590397.42275 357.12550
466601.78150 5590397.45850 357.02400
466602.81275 5590397.76275 356.40325
466602.93700 5590397.79975 356.32550
466603.07425 5590397.83925 356.25425
466603.21225 5590397.87800 356.19600
466598.61275 5590396.32200 359.69150